Drag Scalling Factor: 12.47
Lift Scalling Factor: 72.48

Frequency (Hz)	Free Stream Velocity (m/s)	Drag_V_Avg	Drag_V_Std	Lift_V_Avg	Lift_V_Std
0.00	0.00	-0.251855	0.000972	-0.031301	0.000206
30.00	22.67	-0.156434	0.001063	-0.027586	0.000427
35.00	26.45	-0.103705	0.000856	-0.025758	0.000537
40.00	30.23	-0.065075	0.000872	-0.024088	0.000691
45.00	34.01	-0.004461	0.000844	-0.021752	0.001066
50.00	37.79	0.053427	0.001987	-0.019403	0.001437
55.00	41.57	0.123062	0.001934	-0.016622	0.001455
60.00	45.35	0.211093	0.002395	-0.013559	0.001535
