Drag Scalling Factor: 12.52
Lift Scalling Factor: 89.49

Frequency (Hz)	Free Stream Velocity (m/s)	Drag_V_Avg	Drag_V_Std	Lift_V_Avg	Lift_V_Std
0.00	0.00	-0.162858	0.000655	0.018232	0.000105
30.00	22.67	-0.045125	0.003355	0.018215	0.000525
35.00	26.45	0.001755	0.004052	0.018229	0.000520
40.00	30.23	0.057650	0.003703	0.018536	0.000746
45.00	34.01	0.122376	0.005010	0.018250	0.000840
50.00	37.79	0.197877	0.009740	0.017809	0.001268
55.00	41.57	0.282270	0.007295	0.017124	0.001272
60.00	45.35	0.374984	0.008937	0.016402	0.001484
