Drag Scalling Factor: 12.52
Lift Scalling Factor: 89.49

Frequency (Hz)	Free Stream Velocity (m/s)	Drag_V_Avg	Drag_V_Std	Lift_V_Avg	Lift_V_Std
0.00	0.00	-0.152981	0.000536	0.012289	0.000103
30.00	22.67	-0.039851	0.003947	0.016058	0.000622
35.00	26.45	0.005855	0.003865	0.017214	0.000542
40.00	30.23	0.059461	0.004407	0.018184	0.000606
45.00	34.01	0.122300	0.006653	0.019604	0.000976
50.00	37.79	0.195325	0.009477	0.020734	0.001295
55.00	41.57	0.270671	0.009529	0.020996	0.001489
60.00	45.35	0.355546	0.013079	0.021152	0.001913
